cl__1 = 5;
Point(0) = {-3700.961166975885, 2819.764916964728, 4352.17798964971, cl__1};
Point(1) = {-3704.476694401163, 2822.267299695223, 4347.562617111991, cl__1};
Point(2) = {-3707.350129602326, 2824.426145535369, 4343.709585705958, cl__1};
Point(3) = {-3704.236505005599, 2814.093447254982, 4351.598555140454, cl__1};
Point(4) = {-3707.783141124693, 2816.618566274507, 4346.941917084843, cl__1};
Point(5) = {-3710.64566886598, 2818.769676931106, 4343.103294712188, cl__1};
Point(6) = {-3708.464474810865, 2805.887159632097, 4350.369235648568, cl__1};
Point(7) = {-3712.05428857678, 2808.443848806859, 4345.655313845961, cl__1};
Point(8) = {-3714.906249099563, 2810.587412963473, 4341.830714628602, cl__1};
Line(0) = {0, 1};
Line(1) = {1, 2};
Line(2) = {2, 5};
Line(3) = {5, 4};
Line(4) = {4, 3};
Line(5) = {3, 0};
Line(6) = {5, 8};
Line(7) = {8, 7};
Line(8) = {7, 6};
Line(9) = {6, 3};
Line(10) = {1, 4};
Line(11) = {4, 7};
Curve Loop(1) = {0, 10, 4, 5};
Surface(1) = {1};
Curve Loop(2) = {1, 2, 3, -10};
Surface(2) = {2};
Curve Loop(3) = {-4, 11, 8, 9};
Surface(3) = {3};
Curve Loop(4) = {-3, 6, 7, -11};
Surface(4) = {4};
