cl__1 = 5;
Point(0) = {-3718.447623983023, 2880.984015026234, 4296.826663115273, cl__1};
Point(1) = {-3712.78956133476, 2881.701526609658, 4301.235983386545, cl__1};
Point(2) = {-3707.850271386588, 2883.167291156132, 4304.513182252532, cl__1};
Point(3) = {-3702.319871211775, 2884.291272897446, 4308.518588136537, cl__1};
Point(4) = {-3697.840552770748, 2885.31475446274, 4311.678908959218, cl__1};
Point(5) = {-3692.416079736302, 2886.590442520989, 4315.472177091549, cl__1};
Point(6) = {-3686.202651039873, 2888.071422738012, 4319.791021870231, cl__1};
Point(7) = {-3680.902920848864, 2889.52716882125, 4323.335220397576, cl__1};
Point(8) = {-3678.808898335905, 2879.801700334198, 4324.24135037313, cl__1};
Point(9) = {-3684.227675376338, 2878.315620354384, 4320.615884988507, cl__1};
Point(10) = {-3690.574432927272, 2876.800609455659, 4316.206043327763, cl__1};
Point(11) = {-3696.032158388097, 2875.517171881527, 4312.389509120841, cl__1};
Point(12) = {-3700.61831069624, 2874.470331409989, 4309.153099204465, cl__1};
Point(13) = {-3705.92047665575, 2873.406029346233, 4305.304543376731, cl__1};
Point(14) = {-3711.103733113136, 2871.900539686539, 4301.842904177453, cl__1};
Point(15) = {-3717.312694126237, 2871.065069678466, 4297.037083824171, cl__1};
Line(0) = {0, 1};
Line(1) = {1, 2};
Line(2) = {2, 3};
Line(3) = {3, 4};
Line(4) = {4, 5};
Line(5) = {5, 6};
Line(6) = {6, 7};
Line(7) = {7, 8};
Line(8) = {8, 9};
Line(9) = {9, 10};
Line(10) = {10, 11};
Line(11) = {11, 12};
Line(12) = {12, 13};
Line(13) = {13, 14};
Line(14) = {14, 15};
Line(15) = {15, 0};
Line(16) = {14, 1};
Line(17) = {13, 2};
Line(18) = {12, 3};
Line(19) = {11, 4};
Line(20) = {10, 5};
Line(21) = {9, 6};
Curve Loop(1) = {0, -16, 14, 15};
Surface(1) = {1};
Curve Loop(2) = {1, -17, 13, 16};
Surface(2) = {2};
Curve Loop(3) = {2, -18, 12, 17};
Surface(3) = {3};
Curve Loop(4) = {3, -19, 11, 18};
Surface(4) = {4};
Curve Loop(5) = {4, -20, 10, 19};
Surface(5) = {5};
Curve Loop(6) = {5, -21, 9, 20};
Surface(6) = {6};
Curve Loop(7) = {6, 7, 8, 21};
Surface(7) = {7};
