cl__1 = 5;
Point(0) = {-3636.151864649046, 2897.132380109757, 4355.991803175119, cl__1};
Point(1) = {-3636.131936147093, 2892.480097976331, 4359.099038303903, cl__1};
Point(2) = {-3635.015195388464, 2888.098041148844, 4362.934245895436, cl__1};
Point(3) = {-3633.315619551772, 2883.384914513458, 4367.464944733654, cl__1};
Point(4) = {-3630.939629207906, 2880.504245707289, 4371.340034761633, cl__1};
Point(5) = {-3628.011316840094, 2878.181151117561, 4375.299777870289, cl__1};
Point(6) = {-3625.016549689716, 2875.646190721553, 4379.446882913901, cl__1};
Point(7) = {-3621.821539926994, 2873.11165949182, 4383.751717993735, cl__1};
Point(8) = {-3624.339197413637, 2864.093134920368, 4380.307283352744, cl__1};
Point(9) = {-3627.58217992523, 2866.667009865639, 4375.936903388452, cl__1};
Point(10) = {-3630.574743214281, 2869.200066003104, 4371.792997750732, cl__1};
Point(11) = {-3633.760229750552, 2871.784312654361, 4367.447475846221, cl__1};
Point(12) = {-3636.830854508649, 2875.653904968438, 4362.342484781962, cl__1};
Point(13) = {-3638.991337251156, 2881.29784505275, 4356.813144433145, cl__1};
Point(14) = {-3640.277823630809, 2886.696479014535, 4352.162313704169, cl__1};
Point(15) = {-3640.39219600094, 2892.120582273334, 4348.464004322263, cl__1};
Line(0) = {0, 1};
Line(1) = {1, 2};
Line(2) = {2, 3};
Line(3) = {3, 4};
Line(4) = {4, 5};
Line(5) = {5, 6};
Line(6) = {6, 7};
Line(7) = {7, 8};
Line(8) = {8, 9};
Line(9) = {9, 10};
Line(10) = {10, 11};
Line(11) = {11, 12};
Line(12) = {12, 13};
Line(13) = {13, 14};
Line(14) = {14, 15};
Line(15) = {15, 0};
Line(16) = {14, 1};
Line(17) = {13, 2};
Line(18) = {12, 3};
Line(19) = {11, 4};
Line(20) = {10, 5};
Line(21) = {9, 6};
Curve Loop(1) = {0, -16, 14, 15};
Surface(1) = {1};
Curve Loop(2) = {1, -17, 13, 16};
Surface(2) = {2};
Curve Loop(3) = {2, -18, 12, 17};
Surface(3) = {3};
Curve Loop(4) = {3, -19, 11, 18};
Surface(4) = {4};
Curve Loop(5) = {4, -20, 10, 19};
Surface(5) = {5};
Curve Loop(6) = {5, -21, 9, 20};
Surface(6) = {6};
Curve Loop(7) = {6, 7, 8, 21};
Surface(7) = {7};
