cl__1 = 5;
Point(0) = {-3636.804679274276, 2877.125671314329, 4368.688658656371, cl__1};
Point(1) = {-3636.749579523682, 2872.202470993, 4371.972834025394, cl__1};
Point(2) = {-3635.803224110495, 2867.575534764615, 4375.795524012424, cl__1};
Point(3) = {-3634.802224936392, 2862.431003966211, 4379.993439850161, cl__1};
Point(4) = {-3633.830300386483, 2857.671531092804, 4383.905994472827, cl__1};
Point(5) = {-3632.461628000356, 2853.483319078736, 4387.766683501346, cl__1};
Point(6) = {-3630.71076120118, 2851.095864642196, 4390.766759817482, cl__1};
Point(7) = {-3628.152537120354, 2848.857044964962, 4394.333135384782, cl__1};
Point(8) = {-3625.133555388191, 2846.646716025803, 4398.255356358711, cl__1};
Point(9) = {-3622.544353689581, 2844.613537827024, 4401.702764381411, cl__1};
Point(10) = {-3619.702321208982, 2842.381823517985, 4405.480867643042, cl__1};
Point(11) = {-3617.155291959132, 2840.381761357812, 4408.861535997466, cl__1};
Point(12) = {-3619.643020920655, 2831.362639140276, 4405.397372176658, cl__1};
Point(13) = {-3622.188062021511, 2833.361113051043, 4402.019360066355, cl__1};
Point(14) = {-3625.027876091581, 2835.591055141782, 4398.244225319791, cl__1};
Point(15) = {-3627.559487973616, 2837.580476673428, 4394.872603342945, cl__1};
Point(16) = {-3630.660688496332, 2839.859182747336, 4390.83805066561, cl__1};
Point(17) = {-3633.66908566358, 2842.549167638366, 4386.606798591736, cl__1};
Point(18) = {-3636.071938128299, 2845.948648080099, 4382.409514553262, cl__1};
Point(19) = {-3637.862837843394, 2851.117765224731, 4377.560674834553, cl__1};
Point(20) = {-3638.920895103644, 2856.209343194696, 4373.360139186507, cl__1};
Point(21) = {-3639.920253642833, 2861.345595552229, 4369.169020527193, cl__1};
Point(22) = {-3640.924382694026, 2866.557250887793, 4364.914107618471, cl__1};
Point(23) = {-3641.043512478418, 2872.097311701686, 4361.171307384608, cl__1};
Line(0) = {0, 1};
Line(1) = {1, 2};
Line(2) = {2, 3};
Line(3) = {3, 4};
Line(4) = {4, 5};
Line(5) = {5, 6};
Line(6) = {6, 7};
Line(7) = {7, 8};
Line(8) = {8, 9};
Line(9) = {9, 10};
Line(10) = {10, 11};
Line(11) = {11, 12};
Line(12) = {12, 13};
Line(13) = {13, 14};
Line(14) = {14, 15};
Line(15) = {15, 16};
Line(16) = {16, 17};
Line(17) = {17, 18};
Line(18) = {18, 19};
Line(19) = {19, 20};
Line(20) = {20, 21};
Line(21) = {21, 22};
Line(22) = {22, 23};
Line(23) = {23, 0};
Line(24) = {22, 1};
Line(25) = {21, 2};
Line(26) = {20, 3};
Line(27) = {19, 4};
Line(28) = {18, 5};
Line(29) = {17, 6};
Line(30) = {16, 7};
Line(31) = {15, 8};
Line(32) = {14, 9};
Line(33) = {13, 10};
Curve Loop(1) = {0, -24, 22, 23};
Surface(1) = {1};
Curve Loop(2) = {1, -25, 21, 24};
Surface(2) = {2};
Curve Loop(3) = {2, -26, 20, 25};
Surface(3) = {3};
Curve Loop(4) = {3, -27, 19, 26};
Surface(4) = {4};
Curve Loop(5) = {4, -28, 18, 27};
Surface(5) = {5};
Curve Loop(6) = {5, -29, 17, 28};
Surface(6) = {6};
Curve Loop(7) = {6, -30, 16, 29};
Surface(7) = {7};
Curve Loop(8) = {7, -31, 15, 30};
Surface(8) = {8};
Curve Loop(9) = {8, -32, 14, 31};
Surface(9) = {9};
Curve Loop(10) = {9, -33, 13, 32};
Surface(10) = {10};
Curve Loop(11) = {10, 11, 12, 33};
Surface(11) = {11};
