cl__1 = 1;
Point(0) = {169.7305262862231, 4665.394171657394, 0, cl__1};
Point(1) = {169.9706882079512, 4670.984251443387, 0, cl__1};
Point(2) = {169.7820781238019, 4677.941390082946, 0, cl__1};
Point(3) = {167.3172505609618, 4684.132194787583, 0, cl__1};
Point(4) = {162.459784288105, 4689.199628527063, 0, cl__1};
Point(5) = {159.1297468335115, 4694.437246326484, 0, cl__1};
Point(6) = {155.9062492181674, 4699.936111655971, 0, cl__1};
Point(7) = {153.3119238269788, 4705.705319133588, 0, cl__1};
Point(8) = {151.0066684068198, 4710.54724645659, 0, cl__1};
Point(9) = {148.2654716934036, 4715.437709807279, 0, cl__1};
Point(10) = {148.2654716934036, 4715.437709807279, -5, cl__1};
Point(11) = {169.7305262862231, 4665.394171657394, -5, cl__1};
Line(0) = {0, 1};
Line(1) = {1, 2};
Line(2) = {2, 3};
Line(3) = {3, 4};
Line(4) = {4, 5};
Line(5) = {5, 6};
Line(6) = {6, 7};
Line(7) = {7, 8};
Line(8) = {8, 9};
Line(9) = {9, 10};
Line(10) = {10, 11};
Line(11) = {11, 0};
Curve Loop(1) = {0, 1, 2, 3, 4, 5, 6, 7, 8, 9, 10, 11};
Plane Surface(1) = {1};
