cl__1 = 1;
Point(0) = {169.7305262862231, 4665.394171657394, 0, cl__1};
Point(1) = {169.9706882079512, 4670.984251443387, 0, cl__1};
Point(2) = {169.7820781238019, 4677.941390082946, 0, cl__1};
Point(3) = {167.3172505609618, 4684.132194787583, 0, cl__1};
Point(4) = {162.459784288105, 4689.199628527063, 0, cl__1};
Point(5) = {159.1297468335115, 4694.437246326484, 0, cl__1};
Point(6) = {155.9062492181674, 4699.936111655971, 0, cl__1};
Point(7) = {153.3119238269788, 4705.705319133588, 0, cl__1};
Point(8) = {151.0066684068198, 4710.54724645659, 0, cl__1};
Point(9) = {148.2654716934036, 4715.437709807279, 0, cl__1};
Point(10) = {146.8179688216218, 4720.982698962132, 0, cl__1};
Point(11) = {145.8655916347543, 4725.855539972467, 0, cl__1};
Point(12) = {144.5115888305983, 4731.455718692965, 0, cl__1};
Point(13) = {144.4914104638618, 4737.296444535289, 0, cl__1};
Point(14) = {144.7447856940385, 4742.193350538701, 0, cl__1};
Point(15) = {145.48611740404, 4747.182821242952, 0, cl__1};
Point(16) = {147.1254471794481, 4752.498549280172, 0, cl__1};
Point(17) = {148.6179514523923, 4758.163233057157, 0, cl__1};
Point(18) = {149.1375716062305, 4762.991893780616, 0, cl__1};
Point(19) = {149.2543257082525, 4768.023166768005, 0, cl__1};
Point(20) = {149.500235439348, 4773.287518827334, 0, cl__1};
Point(21) = {149.6840312306145, 4779.604555348333, 0, cl__1};
Line(0) = {0, 1};
Line(1) = {1, 2};
Line(2) = {2, 3};
Line(3) = {3, 4};
Line(4) = {4, 5};
Line(5) = {5, 6};
Line(6) = {6, 7};
Line(7) = {7, 8};
Line(8) = {8, 9};
Line(9) = {9, 10};
Line(10) = {10, 11};
Line(11) = {11, 12};
Line(12) = {12, 13};
Line(13) = {13, 14};
Line(14) = {14, 15};
Line(15) = {15, 16};
Line(16) = {16, 17};
Line(17) = {17, 18};
Line(18) = {18, 19};
Line(19) = {19, 20};
Line(20) = {20, 21};
Line(21) = {21, 0};
Curve Loop(1) = {0, 1, 2, 3, 4, 5, 6, 7, 8, 9, 10, 11, 12, 13, 14, 15, 16, 17, 18, 19, 20, 21};
Plane Surface(1) = {1};
